1
2
2
3
2
3
4
5
5
6
5
6
7
5
6
7
8
9
9
10
9
10
11
9
10
11
12
13
13
14
13
14
15
13
14
15
16
17
17
18
17
18
19
17
18
19
20
21
21
22
21
22
23
21
22
23
24
25
25
26
25
26
27
25
26
27
28
29
29
30
29
30
31
29
30
31
32
33
33
34
33
34
35
33
34
35
36
37
37
38
37
38
39
37
38
39
40
41
41
42
41
42
43
41
42
43
44
45
45
46
45
46
47
45
46
47
48
49
49
50
49
50
51
53
54
55
52
53
53
54
56
57
58
56
56
57
59
60
61
59
59
60
59
60
61
62
62
63
62
63
64
62
63
64
65
66
66
67
66
67
68
70
71
72
69
70
73
71
72
73
71
74
74
74
75
74
75
76
77
77
78
79
81
78
79
80
81
78
81
82
82
83
86
83
84
85
86
83
84
87
87
88
87
88
89
87
90
90
91
90
91
92
93
94
95
92
94
96
97
98
97
98
99
99
101
102101
103
104
103
105
106
105
107
108
107
109
110
109
111
112
111
113
114
113
115
116
115
115
116
117
117
118
117
118
119
120
120
121
123
124
122
125
124
125
126
126
126
127
128
131
129
130
131
129
132
132
134
135
134
136
137
136
138
139
140
139
141
142
142
143
145
144
146
146
146
147
147
148
150
151
149
150
150
151
152
155
153
154
156
157
157
153
157
158
158
159
161
162
160
161
163
164
163
163
164
165
165
166
168
169
167
168
170
171
170
172
173
172
174
175
174
176
177
176
178
179
178
180
181
180
182
183
182
184
185
184
186
187
186
188
189
190
189
190
191
191
193
194
193
195
196
195
197
198
197
197
198
199
199
200
202
203
201
202
204
205
204
204
205
206
209
207
208
210
210
207
211
211
213
214
215
214
215
216
216
218
219
218
220
221
220
222
223
222
224
225
224
226
227
226
226
227
228
228
229
231
232
230
231
231
232
233
236
234
235
236
234
237
238
239
239
240
242
241
242
243
245
244
245
245
246
246
247
249
250
248
251
250
251
252
252
252
253
254
254
255
257
258
256
257
259
260
259
261
262
261
263
264
263
265
266
265
267
268
267
267
268
269
269
270
272
273
271
272
274
275
274
276
277
276
278
279
278
280
281
280
282
283
282
282
283
284
287
285
286
287
285
288
290
289
290
291
291
293
294
293
293
294
295
298
296
297
298
296
299
299
299
300
301
304
302
303
305
305
302
306
308
307
308
309
309
311
312
311
313
314
313
315
316
315
317
318
317
317
318
319
319
320
319
320
321
322
322
323
325
326
324
325
327
328
327
329
330
329
331
332
331
333
334
333
335
336
335
337
338
337
339
340
339
341
342
341
343
344
343
345
346
347
346
347
347
348
348
349
351
352
350
351
353
354
353
355
356
355
357
358
357
359
360
361
360
361
361
362
362
363
365
366
364
365
367
368
367
369
370
371
370
372
372
372
373
373
374
376
377
375
376
376
377
378
378
379
378
379
380
381
381
382
384
385
383
386
385
387
387
388
388
390
391
392
391
392
392
393
396
394
395
397
397
394
398
398
400
401
400
402
403
402
404
405
406
405
406
407
407
407
408
409
409
410
409
410
411
412
415
413
414
416
417
417
413
418
420
419
421
421
422
424
423
424
425
425
427
428
427
427
428
429
430
433
431
432
434
435
436
436
431
436
437
437
438
437
438
439
440
443
441
442
444
445
445
441
445
446
446
447
449
450
448
449
451
452
451
453
454
455
454
455
456
458
457
458
459
461
460
462
463
463
464
464
466
467
466
468
469
468
470
471
470
470
471
472
472
473
475
476
474
475
477
478
477
479
480
479
481
482
481
483
484
483
485
486
487
486
488
488
489
489
491
492
491
493
494
493
493
494
495
498
496
497
498
496
498
499
499
500
499
500
501
502
505
503
504
506
506
503
506
507
507
508
507
508
509
510
513
511
512
514
515
515
511
516
518
517
519
520
521
521
522
522
522
523
524
527
525
526
528
528
525
528
529
529
530
532
533
531
532
534
535
534
534
535
536
536
537
539
540
538
541
540
541
542
542
544
545
546
545
547
548
549
550
550
550
551
551
552
551
552
553
554
554
555
557
558
556
557
557
558
559
562
560
561
562
560
563
565
564
565
565
566
569
567
568
570
570
567
570
571
574
572
573
575
575
572
575
576
576
577
576
577
578
579
582
580
581
583
584
584
580
584
585
585
586
588
589
587
588
590
591
592
591
592
593
595
594
596
597
598
599
600
600
600
601
604
602
603
605
606
607
608
608
602
608
609
612
610
611
612
614
615
616
617
617
610
618
618
618
619
620
620
621
620
621
622
623
623
624
626
627
625
626
627
628
629
629
631
632
631
633
634
633
635
636
635
637
638
637
639
640
639
639
640
641
641
642
644
645
643
644
646
647
646
646
647
648
648
649
648
649
650
651
654
652
653
654
652
655
657
656
657
658
658
658
659
660
663
661
662
664
665
665
661
666
668
667
668
668
669
669
670
669
670
671
672
672
673
672
673
674
675
675
676
678
679
677
680
679
680
680
681
684
682
683
684
682
685
685
687
688
687
689
690
691
690
692
692
693
693
695
696
697
696
697
698
698
700
701
700
701
702
702
703
706
704
705
706
704
707
709
708
710
711
711
711
712
715
713
714
715
713
715
716
719
717
718
719
717
720
722
721
723
724
725
726
727
727
727
728
731
729
730
731
729
732
734
733
734
735
735
737
738
737
739
740
739
739
740
741
741
742
744
745
743
746
745
747
748
748
748
749
752
750
751
753
754
755
755
750
755
756
756
757
756
757
758
759
759
760
762
763
761
762
764
765
764
766
767
768
767
768
769
769
769
770
771
771
772
774
775
773
774
776
777
776
776
777
778
778
779
781
782
780
781
783
784
785
784
785
786
786
786
787
788
788
789
791
792
790
791
793
794
795
794
796
797
797
798
798
800
801
802
801
802
803
803
805
806
805
805
806
807
810
808
809
810
808
811
813
812
813
814
816
815
816
816
817
820
820
818
819
821
818
821
822
825
823
824
826
827
827
823
828
830
829
830
831
831
833
834
833
833
834
835
838
836
837
839
839
836
840
842
841
843
843
844
844
846
847
846
848
849
848
848
849
850
850
851
853
854
852
855
854
855
856
858
857
859
860
860
860
861
861
862
864
865
863
864
866
867
868
867
869
870
870
871
873
872
873
874
874
876
877
876
876
877
878
878
879
878
879
880
881
882
883
884
884
884
885
886
886
887
889
890
888
891
890
892
893
894
895
896
896
896
897
898
901
899
900
901
899
901
902
905
903
904
905
903
906
906
907
910
908
909
911
911
908
912
914
913
915
916
917
917
918
918
920
921
920
922
923
922
924
925
924
926
927
926
928
929
928
930
931
930
932
933
934
933
935
936
936
937
937
939
940
939
941
942
941
943
944
943
945
946
945
946
947
948
948
950
951
950
952
953
952
954
955
954
954
955
956
959
957
958
959
957
960
960
962
963
962
964
965
966
965
966
967
969
968
969
970
972
971
972
973
973
975
976
975
977
978
977
979
980
979
981
982
981
983
984
985
984
986
987
988
989
989
989
990
993
991
992
994
995
996
997
997
991
998
998
998
999
1000
1003
1001
1002
1004
1004
1005
1006
1007
1006
1008
1009
1010
1009
1010
1011
1011
1013
1014
1013
1013
1014
1015
1018
1016
1017
1019
1020
1020
1016
1021
1021
1021
1022
1023
1023
1024
1026
1027
1025
1026
1028
1029
1030
1029
1030
1031
1031
1033
1034
1033
1035
1036
1035
1037
1036
1039
1038
1040
1040
1041
1041
1043
1044
1043
1045
1046
1045
1047
1048
1047
1049
1050
1051
1050
1051
1051
1052
1055
1053
1054
1055
1053
1056
1057
1059
1058
1060
1060
1060
1061
1061
1062
1064
1065
1063
1064
1066
1067
1066
1068
1069
1068
1070
1071
1070
1072
1073
1072
1074
1074
1073
1075
1075
1076
1075
1076
1077
1078
1079
1080
1081
1082
1083
1084
1085
1085
1079
1086
1086
1088
1089
1088
1090
1091
1090
1092
1093
1092
1094
1095
1096
1095
1096
1096
1097
1100
1098
1099
1101
1101
1098
1101
1102
1105
1103
1104
1106
1107
1108
1108
1103
1109
1109
1111
1112
1111
1113
1114
1113
1115
1116
1117
1116
1117
1118
1118
1120
1121
1122
1121
1122
1122
1123
1124
1125
1125
1127
1128
1127
1129
1130
1129
1131
1132
1131
1133
1134
1133
1135
1136
1137
1136
1137
1138
1140
1139
1141
1141
1141
1142
1142
1143
1142
1143
1144
1145
1148
1146
1147
1149
1150
1151
1151
1146
1151
1152
1155
1153
1154
1156
1157
1157
1153
1158
1160
1159
1160
1160
1161
1161
1162
1161
1162
1163
1164
1164
1165
1167
1168
1166
1169
1168
1169
1170
1170
1172
1173
1172
1174
1175
1174
1176
1177
1176
1176
1177
1178
1178
1179
1181
1182
1180
1181
1183
1184
1183
1183
1184
1185
1185
1186
1185
1186
1187
1188
1188
1189
1188
1189
1190
1191
1191
1192
1191
1192
1193
1194
1197
1195
1196
1198
1199
1200
1201
1202
1202
1195
1203
1203
1203
1204
1205
1205
1206
1208
1209
1207
1210
1209
1210
1210
1211
1211
1212
1211
1212
1213
1214
1214
1215
1214
1215
1216
1217
1217
1218
1217
1218
1219
1220
1220
1221
1223
1224
1222
1223
1225
1226
1225
1227
1228
1229
1228
1230
1231
1231
1232
1232
1234
1235
1236
1235
1237
1237
1238
1239
1239
1241
1242
1243
1242
1244
1245
1245
1246
1246
1248
1249
1250
1249
1250
1251
1251
1251
1252
1253
1253
1254
1256
1257
1255
1258
1257
1259
1260
1260
1261
1261
1263
1264
1265
1264
1266
1266
1266
1267
1267
1268
1267
1268
1269
1270
1273
1271
1272
1274
1274
1271
1274
1275
1275
1276
1275
1276
1277
1278
1278
1279
1278
1279
1280
1281
1281
1282
1281
1282
1283
1284
1284
1285
1287
1288
1286
1289
1288
1290
1290
1290
1291
1294
1292
1293
1294
1292
1294
1295
1296
1299
1297
1298
1300
1301
1302
1303
1304
1304
1297
1305
1307
1306
1308
1309
1310
1311
1312
1312
1313
1315
1314
1316
1317
1318
1319
1319
1320
1320
1322
1323
1322
1322
1323
1324
1324
1325
1324
1325
1326
1327
1328
1328
1329
1330
1331
1334
1335
1332
1333
1336
1337
1338
1338
1332
1339
1339
1339
1340
1341
1341
1342
1341
1342
1343
1344
1344
1345
1347
1348
1346
1347
1349
1350
1349
1349
1350
1351
1354
1352
1353
1355
1355
1352
1355
1356
1359
1357
1358
1359
1357
1359
1360
1363
1361
1362
1363
1361
1363
1364
1364
1365
1364
1365
1366
1367
1367
1368
1367
1368
1369
1370
1370
1371
1373
1374
1372
1375
1374
1376
1377
1377
1378
1378
1379
1379
1380
1382
1383
1381
1384
1383
1384
1385
1385
1387
1388
1387
1389
1390
1389
1391
1392
1393
1392
1393
1394
1394
1396
1397
1396
1398
1399
1398
1400
1401
1400
1402
1401
1403
1404
1405
1406
1407
1408
1409
1410
1411
1412
1413
1414
1415
1416
1417
1418
1419
1420
1421
1422
1423
1424
